minecraft:lingering_potion:0:1:1:20:31|-117|8|0|0|0|0|0|0|0|-29|98|96|-32|96|96|11|-56|47|-55|-52|-49|99|16|76|-50|79|-53|72|-50|47|74|-75|-54|72|77|-52|-55|-52|75|55|102|0|0|-115|-5|63|36|32|0|0|0
scalinghealth:healingitem:0:1:4:20
minecraft:splash_potion:0:1:1:20:31|-117|8|0|0|0|0|0|0|0|-29|98|96|-32|96|96|11|-56|47|-55|-52|-49|99|16|79|-82|76|-50|-55|76|-50|77|76|-49|76|-74|-54|72|77|-52|41|-55|72|-54|-49|47|46|97|0|0|99|49|-54|-42|38|0|0|0
minecraft:splash_potion:0:1:1:20:31|-117|8|0|0|0|0|0|0|0|-29|98|96|-32|96|96|11|-56|47|-55|-52|-49|99|16|76|-50|79|-53|72|-50|47|74|-75|-54|72|77|-52|-55|-52|75|55|97|0|0|74|109|126|107|32|0|0|0
minecraft:potion:0:1:1:20:31|-117|8|0|0|0|0|0|0|0|-29|98|96|-32|96|96|11|-56|47|-55|-52|-49|99|16|76|-50|79|-53|72|-50|47|74|-75|-54|72|77|-52|-55|-52|75|55|102|0|0|-115|-5|63|36|32|0|0|0
techguns:military_crate:3:6:64:20
minecraft:potion:0:1:1:20:31|-117|8|0|0|0|0|0|0|0|-29|98|96|-32|96|96|11|-56|47|-55|-52|-49|99|16|-52|-51|-52|75|77|46|74|76|43|-79|-54|72|77|-52|-55|-52|75|103|0|0|15|68|70|-113|32|0|0|0
minecraft:lingering_potion:0:1:1:20:31|-117|8|0|0|0|0|0|0|0|-29|98|96|-32|96|96|11|-56|47|-55|-52|-49|99|16|76|-50|79|-53|72|-50|47|74|-75|-54|72|77|-52|-55|-52|75|55|97|0|0|74|109|126|107|32|0|0|0
minecraft:shield:0:1:1:20:31|-117|8|0|0|0|0|0|0|0|-29|98|96|96|0|0|120|63|-7|78|4|0|0|0
minecraft:splash_potion:0:1:1:20:31|-117|8|0|0|0|0|0|0|0|-29|98|96|-32|96|96|11|-56|47|-55|-52|-49|99|-112|-56|-51|-52|75|77|46|74|76|43|-79|42|46|41|-54|-49|75|-113|-49|72|77|-52|-55|-52|75|103|0|0|-78|-6|-34|27|39|0|0|0
tp:small_med_kit:0:2:16:20
minecraft:potion:0:1:1:20:31|-117|8|0|0|0|0|0|0|0|-29|98|96|-32|96|96|11|-56|47|-55|-52|-49|99|-112|-56|-51|-52|75|77|46|74|76|43|-79|42|46|41|-54|-49|75|-113|-49|72|77|-52|-55|-52|75|103|0|0|-78|-6|-34|27|39|0|0|0
minecraft:lingering_potion:0:1:1:20:31|-117|8|0|0|0|0|0|0|0|-29|98|96|-32|96|96|11|-56|47|-55|-52|-49|99|-112|-56|-51|-52|75|77|46|74|76|43|-79|42|46|41|-54|-49|75|-113|-49|72|77|-52|-55|-52|75|103|0|0|-78|-6|-34|27|39|0|0|0
minecraft:potion:0:1:1:20:31|-117|8|0|0|0|0|0|0|0|-29|98|96|-32|96|96|11|-56|47|-55|-52|-49|99|16|76|-50|79|-53|72|-50|47|74|-75|-54|72|77|-52|-55|-52|75|55|97|0|0|74|109|126|107|32|0|0|0
minecraft:potion:0:1:1:20:31|-117|8|0|0|0|0|0|0|0|-29|98|96|-32|96|96|11|-56|47|-55|-52|-49|99|16|-52|-51|-52|75|77|46|74|76|43|-79|-54|72|77|-52|-55|-52|75|103|0|0|15|68|70|-113|32|0|0|0
tp:large_bandage:0:2:16:20
minecraft:splash_potion:0:1:1:20:31|-117|8|0|0|0|0|0|0|0|-29|98|96|-32|96|96|11|-56|47|-55|-52|-49|99|16|-52|-51|-52|75|77|46|74|76|43|-79|-54|72|77|-52|-55|-52|75|103|0|0|15|68|70|-113|32|0|0|0
tp:small_bandage:0:4:8:20
minecraft:lingering_potion:0:1:1:20:31|-117|8|0|0|0|0|0|0|0|-29|98|96|-32|96|96|11|-56|47|-55|-52|-49|99|16|-52|-51|-52|75|77|46|74|76|43|-79|-54|72|77|-52|-55|-52|75|103|0|0|15|68|70|-113|32|0|0|0
minecraft:lingering_potion:0:1:1:20:31|-117|8|0|0|0|0|0|0|0|-29|98|96|-32|96|96|11|-56|47|-55|-52|-49|99|16|79|-82|76|-50|-55|76|-50|77|76|-49|76|-74|-54|72|77|-52|41|-55|72|-54|-49|47|46|97|0|0|99|49|-54|-42|38|0|0|0
minecraft:splash_potion:0:1:1:20:31|-117|8|0|0|0|0|0|0|0|-29|98|96|-32|96|96|11|-56|47|-55|-52|-49|99|16|76|-50|79|-53|72|-50|47|74|-75|-54|72|77|-52|-55|-52|75|55|102|0|0|-115|-5|63|36|32|0|0|0
scalinghealth:healingitem:1:1:4:20
minecraft:potion:0:1:1:20:31|-117|8|0|0|0|0|0|0|0|-29|98|96|-32|96|96|11|-56|47|-55|-52|-49|99|16|79|-82|76|-50|-55|76|-50|77|76|-49|76|-74|-54|72|77|-52|41|-55|72|-54|-49|47|46|97|0|0|99|49|-54|-42|38|0|0|0
tp:large_med_kit:0:4:16:20
